-1.224643e-19
-1.166594e-19
-8.248187e-20
-1.201493e-19
-1.261862e-19
-8.460734e-20
-1.028582e-19
-1.033758e-19
-9.848346e-20
-1.083550e-19
-7.514121e-20
-9.081261e-20
-1.162520e-19
-7.264253e-20
-7.800049e-20
-9.631364e-20
-7.937683e-20
-8.950861e-20
-7.008323e-20
-6.465223e-20
-1.029940e-19
-7.081238e-20
-5.242240e-20
-8.254640e-20
-6.585446e-20
-6.631877e-20
-6.435001e-20
-4.417194e-20
-7.684194e-20
-6.797039e-20
-3.359495e-20
-6.198454e-20
-5.953373e-20
-4.442024e-20
-5.265779e-20
-3.283851e-20
-4.879000e-20
-6.146625e-20
-1.983839e-20
-3.440832e-20
-5.297200e-20
-2.764642e-20
-3.385360e-20
-2.572110e-20
-2.588943e-20
-4.935982e-20
-1.397458e-20
-7.590274e-21
-3.978160e-20
-1.783847e-20
-1.020621e-20
-1.414865e-20
-7.471258e-21
-2.792988e-20
-9.463733e-21
1.330018e-20
-1.994143e-20
-1.269243e-20
9.210206e-21
-6.126482e-22
5.229117e-21
-5.053362e-21
-1.571934e-21
2.810455e-20
5.412762e-21
-4.992953e-21
2.509295e-20
2.011764e-20
1.581677e-20
1.472721e-20
1.080908e-20
3.781997e-20
2.953733e-20
6.677604e-21
3.319549e-20
4.245909e-20
3.020294e-20
2.968873e-20
2.984763e-20
4.557143e-20
4.919826e-20
2.820368e-20
3.934390e-20
5.893352e-20
4.710168e-20
4.238975e-20
4.698846e-20
5.731647e-20
6.683254e-20
4.810969e-20
4.752796e-20
7.151102e-20
6.906804e-20
5.672279e-20
5.766833e-20
7.132050e-20
8.045605e-20
6.571227e-20
6.039929e-20
8.152036e-20
8.766586e-20
7.254330e-20
6.799409e-20
8.314867e-20
9.495712e-20
8.121832e-20
7.149565e-20
9.006504e-20
1.008119e-19
8.903858e-20
7.906552e-20
9.136590e-20
1.095070e-19
9.589095e-20
8.295452e-20
9.934416e-20
1.090688e-19
1.035219e-19
9.095299e-20
9.488683e-20
1.189048e-19
1.121454e-19
9.273511e-20
1.066821e-19
1.211647e-19
1.157074e-19
1.047023e-19
1.006676e-19
1.247312e-19
1.281285e-19
9.916735e-20
1.115586e-19
1.306983e-19
1.230053e-19
1.174126e-19
1.089362e-19
1.273716e-19
1.426316e-19
1.129461e-19
1.138238e-19
1.385903e-19
1.360777e-19
1.262134e-19
1.164374e-19
1.285201e-19
1.519288e-19
1.305606e-19
1.145457e-19
1.434215e-19
1.491349e-19
1.340762e-19
1.280254e-19
1.303236e-19
1.561182e-19
1.491867e-19
1.175446e-19
1.416882e-19
1.596697e-19
1.415251e-19
1.365412e-19
1.381942e-19
1.572386e-19
1.632546e-19
1.287543e-19
1.389646e-19
1.704969e-19
1.518007e-19
1.393004e-19
1.440647e-19
1.561370e-19
1.704556e-19
1.421413e-19
1.364386e-19
1.735790e-19
1.643763e-19
1.438594e-19
1.487852e-19
1.578198e-19
1.745109e-19
1.562673e-19
1.341216e-19
1.697864e-19
1.776886e-19
1.477952e-19
1.498035e-19
1.613175e-19
1.745286e-19
1.681467e-19
1.398173e-19
1.622495e-19
1.852741e-19
1.568155e-19
1.483965e-19
1.607376e-19
1.729028e-19
1.746478e-19
1.456241e-19
1.535057e-19
1.883957e-19
1.680540e-19
1.462352e-19
1.591767e-19
1.751355e-19
1.785725e-19
1.505864e-19
1.462368e-19
1.838046e-19
1.768763e-19
1.480108e-19
1.548101e-19
1.724009e-19
1.819701e-19
1.599139e-19
1.433850e-19
1.769140e-19
1.839542e-19
1.519285e-19
1.496831e-19
1.676356e-19
1.807902e-19
1.652930e-19
1.396152e-19
1.670215e-19
1.882688e-19
1.562128e-19
1.449962e-19
1.631725e-19
1.782836e-19
1.701385e-19
1.401955e-19
1.562405e-19
1.842840e-19
1.603995e-19
1.429504e-19
1.538385e-19
1.729511e-19
1.742289e-19
1.394241e-19
1.434144e-19
1.822721e-19
1.655186e-19
1.386458e-19
1.466671e-19
1.635170e-19
1.730044e-19
1.440092e-19
1.305575e-19
1.718974e-19
1.694339e-19
1.340882e-19
1.408567e-19
1.546009e-19
1.657000e-19
1.519336e-19
1.180581e-19
1.534885e-19
1.749813e-19
1.307678e-19
1.305036e-19
1.473541e-19
1.555573e-19
1.546204e-19
1.161130e-19
1.336277e-19
1.733542e-19
1.320204e-19
1.161644e-19
1.406155e-19
1.451097e-19
1.514404e-19
1.195065e-19
1.115564e-19
1.646938e-19
1.415155e-19
1.049492e-19
1.328110e-19
1.382917e-19
1.410638e-19
1.254484e-19
9.779347e-20
1.455538e-19
1.525010e-19
9.661025e-20
1.163200e-19
1.379001e-19
1.314543e-19
1.287760e-19
9.281486e-20
1.216837e-19
1.589384e-19
9.674979e-20
9.664839e-20
1.329219e-19
1.208959e-19
1.255651e-19
9.518812e-20
9.732982e-20
1.523877e-19
1.100909e-19
7.764151e-20
1.224313e-19
1.202909e-19
1.102037e-19
1.002234e-19
8.197604e-20
1.315165e-19
1.242800e-19
6.318334e-20
1.050307e-19
1.234437e-19
9.818572e-20
1.009768e-19
7.492430e-20
1.051196e-19
1.303830e-19
6.323492e-20
7.680253e-20
1.200371e-19
9.209332e-20
8.827310e-20
7.590013e-20
8.135520e-20
1.242293e-19
7.485434e-20
4.882413e-20
1.082035e-19
9.617926e-20
7.307588e-20
7.174819e-20
6.316362e-20
1.049255e-19
8.645306e-20
3.247394e-20
8.353025e-20
9.919851e-20
5.957208e-20
6.292511e-20
5.620163e-20
8.064876e-20
9.027091e-20
2.714591e-20
5.100648e-20
9.726441e-20
5.548176e-20
4.672934e-20
5.277247e-20
5.951303e-20
8.537192e-20
3.450546e-20
2.153958e-20
8.690365e-20
6.084108e-20
2.815314e-20
4.318877e-20
4.415748e-20
7.062072e-20
4.398356e-20
3.559701e-21
6.217880e-20
6.798302e-20
1.823330e-20
2.822212e-20
3.642080e-20
5.121914e-20
4.682816e-20
-2.811321e-21
2.955670e-20
6.724713e-20
1.879190e-20
1.008658e-20
2.915841e-20
3.709781e-20
4.144647e-20
-1.373470e-21
5.558936e-21
5.716253e-20
2.237444e-20
-6.983899e-21
1.630499e-20
2.691383e-20
3.160944e-20
1.006403e-21
-1.409058e-20
3.626705e-20
3.048578e-20
-1.602306e-20
-1.289897e-21
1.868971e-20
1.998039e-20
-6.914492e-22
-2.523419e-20
1.482204e-20
3.046129e-20
-1.760788e-20
-1.939132e-20
8.365824e-21
1.332810e-20
-3.430165e-21
-3.081827e-20
-7.228560e-21
2.441451e-20
-1.348556e-20
-3.497244e-20
-7.442050e-21
7.075297e-21
-5.553987e-21
-3.594991e-20
-2.443961e-20
1.441534e-20
-1.062132e-20
-4.177310e-20
-2.195242e-20
-2.790479e-21
-7.182271e-21
-3.816221e-20
-4.148988e-20
5.348329e-22
-5.899066e-21
-4.527297e-20
-3.822833e-20
-1.102641e-20
-8.799038e-21
-3.780751e-20
-5.213150e-20
-1.397795e-20
-5.748889e-21
-4.741472e-20
-4.989470e-20
-2.307882e-20
-1.368597e-20
-3.630539e-20
-6.233808e-20
-3.046647e-20
-6.240644e-21
-4.446399e-20
-5.922085e-20
-3.671075e-20
-2.184550e-20
-3.469816e-20
-6.703816e-20
-4.901213e-20
-1.370177e-20
-4.353255e-20
-6.886428e-20
-4.822992e-20
-3.166495e-20
-3.579364e-20
-6.611028e-20
-6.661832e-20
-2.316133e-20
-3.921691e-20
-7.752901e-20
-6.093287e-20
-4.205303e-20
-4.243670e-20
-6.605832e-20
-8.157369e-20
-4.164522e-20
-3.482848e-20
-8.047038e-20
-7.605793e-20
-5.042638e-20
-5.115417e-20
-6.611336e-20
-8.886734e-20
-6.527180e-20
-3.615811e-20
-7.874776e-20
-9.358339e-20
-5.978645e-20
-5.879531e-20
-6.849789e-20
-9.055851e-20
-8.524314e-20
-4.382351e-20
-7.454964e-20
-1.061416e-19
-7.403172e-20
-6.427127e-20
-7.385708e-20
-9.262166e-20
-9.770939e-20
-5.911232e-20
-6.672249e-20
-1.112415e-19
-9.021646e-20
-6.579665e-20
-8.140052e-20
-9.518315e-20
-1.060168e-19
-7.869337e-20
-6.470522e-20
-1.098489e-19
-1.062445e-19
-7.302724e-20
-8.431381e-20
-9.747191e-20
-1.084212e-19
-9.574852e-20
-6.792169e-20
-1.020017e-19
-1.240098e-19
-8.517474e-20
-8.091954e-20
-1.033663e-19
-1.109504e-19
-1.051680e-19
-7.796887e-20
-9.263219e-20
-1.310871e-19
-1.014874e-19
-7.984178e-20
-1.082327e-19
-1.157438e-19
-1.109982e-19
-9.293958e-20
-8.852795e-20
-1.280129e-19
-1.198636e-19
-8.374551e-20
-1.031172e-19
-1.216313e-19
-1.165437e-19
-1.028324e-19
-9.236602e-20
-1.237225e-19
-1.327078e-19
-9.555147e-20
-9.974297e-20
-1.263039e-19
-1.231685e-19
-1.095610e-19
-9.945322e-20
-1.167297e-19
-1.377522e-19
-1.112292e-19
-9.703804e-20
-1.269954e-19
-1.329487e-19
-1.165994e-19
-1.072775e-19
-1.136376e-19
-1.377926e-19
-1.262868e-19
-1.003840e-19
-1.220641e-19
-1.390319e-19
-1.237995e-19
-1.124683e-19
-1.158642e-19
-1.369926e-19
-1.383615e-19
-1.102297e-19
-1.156203e-19
-1.418664e-19
-1.327874e-19
-1.159085e-19
-1.204101e-19
-1.341351e-19
-1.417579e-19
-1.232888e-19
-1.143995e-19
-1.418758e-19
-1.447648e-19
-1.216763e-19
-1.225478e-19
-1.362146e-19
-1.443033e-19
-1.338525e-19
-1.179164e-19
-1.353185e-19
-1.515149e-19
-1.306903e-19
-1.225497e-19
-1.386557e-19
-1.475238e-19
-1.415974e-19
-1.249914e-19
-1.316616e-19
-1.536468e-19
-1.414634e-19
-1.234540e-19
-1.368604e-19
-1.505507e-19
-1.468245e-19
-1.340398e-19
-1.304109e-19
-1.520221e-19
-1.530901e-19
-1.286235e-19
-1.363045e-19
-1.522607e-19
-1.493091e-19
-1.412931e-19
-1.332974e-19
-1.465162e-19
-1.577969e-19
-1.379577e-19
-1.337724e-19
-1.522043e-19
-1.539533e-19
-1.461628e-19
-1.378909e-19
-1.415126e-19
-1.592053e-19
-1.482227e-19
-1.308380e-19
-1.477073e-19
-1.571726e-19
-1.478227e-19
-1.410348e-19
-1.400833e-19
-1.561738e-19
-1.559077e-19
-1.334728e-19
-1.427158e-19
-1.566671e-19
-1.492981e-19
-1.427682e-19
-1.368902e-19
-1.481425e-19
-1.578390e-19
-1.378210e-19
-1.351731e-19
-1.526478e-19
-1.510150e-19
-1.425733e-19
-1.357135e-19
-1.411579e-19
-1.531527e-19
-1.398638e-19
-1.292392e-19
-1.424617e-19
-1.473516e-19
-1.411649e-19
-1.343444e-19
-1.315535e-19
-1.466359e-19
-1.459164e-19
-1.228090e-19
-1.330181e-19
-1.457011e-19
-1.363051e-19
-1.315827e-19
-1.237107e-19
-1.365527e-19
-1.449662e-19
-1.198327e-19
-1.231824e-19
-1.389560e-19
-1.332499e-19
-1.286105e-19
-1.173818e-19
-1.242258e-19
-1.410483e-19
-1.197838e-19
-1.108988e-19
-1.301758e-19
-1.290249e-19
-1.240704e-19
-1.160838e-19
-1.119001e-19
-1.323968e-19
-1.234686e-19
-1.021053e-19
-1.181783e-19
-1.228653e-19
-1.153920e-19
-1.112189e-19
-1.008536e-19
-1.194067e-19
-1.250253e-19
-9.487268e-20
-1.040607e-19
-1.195762e-19
-1.080479e-19
-1.060575e-19
-9.358954e-20
-1.017157e-19
-1.211297e-19
-9.084074e-20
-8.612388e-20
-1.114390e-19
-1.019039e-19
-9.687924e-20
-8.928524e-20
-8.520365e-20
-1.121607e-19
-9.359128e-20
-6.878130e-20
-9.784083e-20
-9.605598e-20
-8.351205e-20
-8.167153e-20
-6.806387e-20
-9.443200e-20
-9.401385e-20
-5.572741e-20
-7.703969e-20
-9.043602e-20
-7.168047e-20
-7.088806e-20
-5.797527e-20
-7.102046e-20
-8.901315e-20
-4.884685e-20
-5.103756e-20
-8.160983e-20
-6.009376e-20
-5.510217e-20
-5.202884e-20
-4.689791e-20
-7.523026e-20
-4.955643e-20
-2.432093e-20
-6.313601e-20
-5.509438e-20
-3.467579e-20
-4.052731e-20
-2.848755e-20
-5.181879e-20
-4.909956e-20
-5.242156e-21
-3.760181e-20
-4.948894e-20
-1.682522e-20
-2.486526e-20
-1.237537e-20
-2.345092e-20
-4.192363e-20
7.770166e-21
-2.921530e-21
-3.914425e-20
-6.809228e-21
-2.273970e-22
-1.374939e-21
6.252475e-22
-2.507609e-20
9.191103e-21
3.091742e-20
-1.767158e-20
-1.181151e-21
2.811813e-20
1.382409e-20
2.007406e-20
2.775842e-21
1.186018e-20
5.417520e-20
1.471539e-20
3.081713e-21
4.729872e-20
3.837933e-20
3.737884e-20
3.153345e-20
2.311032e-20
6.971707e-20
5.188612e-20
1.505386e-20
6.047340e-20
6.692094e-20
5.274682e-20
5.813602e-20
4.297955e-20
7.710948e-20
8.868364e-20
3.915145e-20
6.683599e-20
9.713614e-20
7.449101e-20
7.759738e-20
6.955094e-20
8.354021e-20
1.156234e-19
7.370408e-20
6.867382e-20
1.193924e-19
1.047381e-19
9.159654e-20
9.743384e-20
9.743372e-20
1.325263e-19
1.115656e-19
7.863042e-20
1.313365e-19
1.358686e-19
1.082960e-19
1.175570e-19
1.160883e-19
1.431050e-19
1.438651e-19
1.008297e-19
1.345771e-19
1.655341e-19
1.328683e-19
1.301605e-19
1.389552e-19
1.524742e-19
1.675048e-19
1.289464e-19
1.354898e-19
1.849051e-19
1.597434e-19
1.440003e-19
1.593961e-19
1.666838e-19
1.849686e-19
1.586016e-19
1.435977e-19
1.933464e-19
1.906335e-19
1.564120e-19
1.709711e-19
1.856464e-19
1.946904e-19
1.861824e-19
1.610723e-19
1.955836e-19
2.165679e-19
1.796498e-19
1.803495e-19
1.989613e-19
2.101762e-19
2.072034e-19
1.784903e-19
1.991917e-19
2.348498e-19
2.062987e-19
1.904561e-19
2.126083e-19
2.264998e-19
2.251974e-19
2.025668e-19
2.062882e-19
2.454724e-19
2.332789e-19
2.029378e-19
2.213773e-19
2.395062e-19
2.417533e-19
2.238961e-19
2.137861e-19
2.525315e-19
2.558973e-19
2.205811e-19
2.292670e-19
2.515364e-19
2.565339e-19
2.400900e-19
2.257273e-19
2.560058e-19
2.725079e-19
2.421196e-19
2.351796e-19
2.591491e-19
2.719137e-19
2.585317e-19
2.365420e-19
2.577037e-19
2.846470e-19
2.590180e-19
2.426012e-19
2.639362e-19
2.788958e-19
2.733387e-19
2.513131e-19
2.575350e-19
2.916713e-19
2.786648e-19
2.500758e-19
2.650626e-19
2.847122e-19
2.839134e-19
2.628791e-19
2.571955e-19
2.927132e-19
2.938394e-19
2.588814e-19
2.652625e-19
2.893221e-19
2.903099e-19
2.738950e-19
2.599750e-19
2.865421e-19
3.019929e-19
2.673256e-19
2.629820e-19
2.888608e-19
2.933612e-19
2.817056e-19
2.637571e-19
2.788106e-19
3.048323e-19
2.788061e-19
2.606853e-19
2.828429e-19
2.924942e-19
2.862332e-19
2.667304e-19
2.678862e-19
3.024944e-19
2.874556e-19
2.571292e-19
2.764890e-19
2.909865e-19
2.847548e-19
2.690207e-19
2.611615e-19
2.887387e-19
2.913695e-19
2.558271e-19
2.614998e-19
2.872132e-19
2.814451e-19
2.664687e-19
2.567160e-19
2.730961e-19
2.902957e-19
2.570367e-19
2.465262e-19
2.766206e-19
2.753174e-19
2.592499e-19
2.495755e-19
2.562682e-19
2.806366e-19
2.615175e-19
2.316007e-19
2.583418e-19
2.714038e-19
2.492549e-19
2.406395e-19
2.417906e-19
2.605452e-19
2.577936e-19
2.210727e-19
2.338546e-19
2.608046e-19
2.403926e-19
2.262316e-19
2.305648e-19
2.397742e-19
2.469792e-19
2.175188e-19
2.077382e-19
2.425898e-19
2.329657e-19
2.069735e-19
2.143061e-19
2.194400e-19
2.285294e-19
2.133297e-19
1.864139e-19
2.154203e-19
2.269710e-19
1.930457e-19
1.913232e-19
2.025429e-19
2.054707e-19
2.011412e-19
1.737462e-19
1.836337e-19
2.111211e-19
1.836483e-19
1.675181e-19
1.828064e-19
1.859980e-19
1.848755e-19
1.621026e-19
1.546185e-19
1.881374e-19
1.741728e-19
1.421734e-19
1.597219e-19
1.676103e-19
1.608996e-19
1.510643e-19
1.332364e-19
1.552079e-19
1.641353e-19
1.257342e-19
1.288937e-19
1.497663e-19
1.378632e-19
1.278180e-19
1.154732e-19
1.223511e-19
1.425941e-19
1.137969e-19
9.652568e-20
1.227916e-19
1.190761e-19
1.038825e-19
9.724877e-20
9.035958e-20
1.123944e-19
1.025389e-19
6.607216e-20
9.099100e-20
1.012962e-19
7.489540e-20
