GDC_Aliquot	Chromosome	Start	End	Copy_Number	Major_Copy_Number	Minor_Copy_Number
cdcbf3a0-b1eb-4a63-b669-f7a6438c6902	chr1	61735	111803663	4	2	2
cdcbf3a0-b1eb-4a63-b669-f7a6438c6902	chr1	111803789	113596737	6	3	3
cdcbf3a0-b1eb-4a63-b669-f7a6438c6902	chr1	113597300	167243910	5	3	2
cdcbf3a0-b1eb-4a63-b669-f7a6438c6902	chr1	167245101	169041869	6	3	3
cdcbf3a0-b1eb-4a63-b669-f7a6438c6902	chr1	169041935	172512419	5	3	2
cdcbf3a0-b1eb-4a63-b669-f7a6438c6902	chr1	172512881	248930189	6	3	3
cdcbf3a0-b1eb-4a63-b669-f7a6438c6902	chr2	12784	19795709	2	2	0
cdcbf3a0-b1eb-4a63-b669-f7a6438c6902	chr2	19795958	209914533	3	2	1
cdcbf3a0-b1eb-4a63-b669-f7a6438c6902	chr2	209922297	222144606	5	3	2
cdcbf3a0-b1eb-4a63-b669-f7a6438c6902	chr2	222145622	242147305	2	2	0
cdcbf3a0-b1eb-4a63-b669-f7a6438c6902	chr3	18667	118443844	4	2	2
cdcbf3a0-b1eb-4a63-b669-f7a6438c6902	chr3	118444019	124764022	6	3	3
cdcbf3a0-b1eb-4a63-b669-f7a6438c6902	chr3	124764242	133168031	3	2	1
cdcbf3a0-b1eb-4a63-b669-f7a6438c6902	chr3	133171595	198169247	4	2	2
cdcbf3a0-b1eb-4a63-b669-f7a6438c6902	chr4	12281	190106768	4	2	2
cdcbf3a0-b1eb-4a63-b669-f7a6438c6902	chr5	15532	181363319	5	3	2
cdcbf3a0-b1eb-4a63-b669-f7a6438c6902	chr6	149661	170741917	3	2	1
cdcbf3a0-b1eb-4a63-b669-f7a6438c6902	chr7	43259	67546992	3	2	1
cdcbf3a0-b1eb-4a63-b669-f7a6438c6902	chr7	67547814	70263156	5	4	1
cdcbf3a0-b1eb-4a63-b669-f7a6438c6902	chr7	70264511	76507967	6	5	1
cdcbf3a0-b1eb-4a63-b669-f7a6438c6902	chr7	76507967	128963238	2	1	1
cdcbf3a0-b1eb-4a63-b669-f7a6438c6902	chr7	128963358	152259381	4	3	1
cdcbf3a0-b1eb-4a63-b669-f7a6438c6902	chr7	152268649	153337860	7	6	1
cdcbf3a0-b1eb-4a63-b669-f7a6438c6902	chr7	153338964	153604977	1	1	0
cdcbf3a0-b1eb-4a63-b669-f7a6438c6902	chr7	153605289	159334314	4	3	1
cdcbf3a0-b1eb-4a63-b669-f7a6438c6902	chr8	81254	46112531	1	1	0
cdcbf3a0-b1eb-4a63-b669-f7a6438c6902	chr8	46112727	94208317	5	3	2
cdcbf3a0-b1eb-4a63-b669-f7a6438c6902	chr8	94212945	139800104	6	3	3
cdcbf3a0-b1eb-4a63-b669-f7a6438c6902	chr8	139802136	140082621	5	4	1
cdcbf3a0-b1eb-4a63-b669-f7a6438c6902	chr8	140083406	145072769	6	3	3
cdcbf3a0-b1eb-4a63-b669-f7a6438c6902	chr9	46587	42995504	3	3	0
cdcbf3a0-b1eb-4a63-b669-f7a6438c6902	chr9	60840363	83383340	6	3	3
cdcbf3a0-b1eb-4a63-b669-f7a6438c6902	chr9	83385860	88879518	7	4	3
cdcbf3a0-b1eb-4a63-b669-f7a6438c6902	chr9	88879599	138200944	5	4	1
cdcbf3a0-b1eb-4a63-b669-f7a6438c6902	chr10	26823	38082284	4	2	2
cdcbf3a0-b1eb-4a63-b669-f7a6438c6902	chr10	38082971	52934190	3	2	1
cdcbf3a0-b1eb-4a63-b669-f7a6438c6902	chr10	52934206	133769379	4	2	2
cdcbf3a0-b1eb-4a63-b669-f7a6438c6902	chr11	198572	64359877	3	2	1
cdcbf3a0-b1eb-4a63-b669-f7a6438c6902	chr11	64363808	78355805	4	3	1
cdcbf3a0-b1eb-4a63-b669-f7a6438c6902	chr11	78358683	82790340	2	1	1
cdcbf3a0-b1eb-4a63-b669-f7a6438c6902	chr11	82791619	83721405	5	4	1
cdcbf3a0-b1eb-4a63-b669-f7a6438c6902	chr11	83726916	87044511	2	1	1
cdcbf3a0-b1eb-4a63-b669-f7a6438c6902	chr11	87053883	87729231	4	3	1
cdcbf3a0-b1eb-4a63-b669-f7a6438c6902	chr11	87729467	135074876	2	1	1
cdcbf3a0-b1eb-4a63-b669-f7a6438c6902	chr12	51460	15046705	2	1	1
cdcbf3a0-b1eb-4a63-b669-f7a6438c6902	chr12	15046764	37577829	3	2	1
cdcbf3a0-b1eb-4a63-b669-f7a6438c6902	chr12	37579972	42170339	2	2	0
cdcbf3a0-b1eb-4a63-b669-f7a6438c6902	chr12	42171538	49253911	4	2	2
cdcbf3a0-b1eb-4a63-b669-f7a6438c6902	chr12	49257201	51657436	2	2	0
cdcbf3a0-b1eb-4a63-b669-f7a6438c6902	chr12	51658006	109426794	5	3	2
cdcbf3a0-b1eb-4a63-b669-f7a6438c6902	chr12	109431539	109618890	3	3	0
cdcbf3a0-b1eb-4a63-b669-f7a6438c6902	chr12	109618903	112653203	4	2	2
cdcbf3a0-b1eb-4a63-b669-f7a6438c6902	chr12	112655097	129851472	2	2	0
cdcbf3a0-b1eb-4a63-b669-f7a6438c6902	chr12	129852654	130299674	1	1	0
cdcbf3a0-b1eb-4a63-b669-f7a6438c6902	chr12	130299988	133201603	2	2	0
cdcbf3a0-b1eb-4a63-b669-f7a6438c6902	chr13	18452809	93086138	2	2	0
cdcbf3a0-b1eb-4a63-b669-f7a6438c6902	chr13	93097371	112522212	3	2	1
cdcbf3a0-b1eb-4a63-b669-f7a6438c6902	chr13	112523081	114342922	5	3	2
cdcbf3a0-b1eb-4a63-b669-f7a6438c6902	chr14	18225647	30175856	2	2	0
cdcbf3a0-b1eb-4a63-b669-f7a6438c6902	chr14	30176458	39939336	5	3	2
cdcbf3a0-b1eb-4a63-b669-f7a6438c6902	chr14	39941162	106877229	2	2	0
cdcbf3a0-b1eb-4a63-b669-f7a6438c6902	chr15	19811075	90609970	3	2	1
cdcbf3a0-b1eb-4a63-b669-f7a6438c6902	chr15	90610708	91484197	5	3	2
cdcbf3a0-b1eb-4a63-b669-f7a6438c6902	chr15	91484544	91572550	39	33	6
cdcbf3a0-b1eb-4a63-b669-f7a6438c6902	chr15	91574010	91625030	4	4	0
cdcbf3a0-b1eb-4a63-b669-f7a6438c6902	chr15	91628670	91628670	75	62	13
cdcbf3a0-b1eb-4a63-b669-f7a6438c6902	chr15	91628695	91733944	48	40	8
cdcbf3a0-b1eb-4a63-b669-f7a6438c6902	chr15	91734387	91785036	44	37	7
cdcbf3a0-b1eb-4a63-b669-f7a6438c6902	chr15	91786046	92613580	4	2	2
cdcbf3a0-b1eb-4a63-b669-f7a6438c6902	chr15	92613629	92656848	14	12	2
cdcbf3a0-b1eb-4a63-b669-f7a6438c6902	chr15	92657167	93046510	30	28	2
cdcbf3a0-b1eb-4a63-b669-f7a6438c6902	chr15	93046558	93255675	16	14	2
cdcbf3a0-b1eb-4a63-b669-f7a6438c6902	chr15	93257196	94005856	27	25	2
cdcbf3a0-b1eb-4a63-b669-f7a6438c6902	chr15	94008338	94595469	17	15	2
cdcbf3a0-b1eb-4a63-b669-f7a6438c6902	chr15	94602725	94845825	82	80	2
cdcbf3a0-b1eb-4a63-b669-f7a6438c6902	chr15	94848921	97232420	18	16	2
cdcbf3a0-b1eb-4a63-b669-f7a6438c6902	chr15	97232465	99149363	99	95	4
cdcbf3a0-b1eb-4a63-b669-f7a6438c6902	chr15	99161321	101928837	4	2	2
cdcbf3a0-b1eb-4a63-b669-f7a6438c6902	chr16	10777	55115890	5	3	2
cdcbf3a0-b1eb-4a63-b669-f7a6438c6902	chr16	55116373	60889183	2	2	0
cdcbf3a0-b1eb-4a63-b669-f7a6438c6902	chr16	60893421	64609679	5	3	2
cdcbf3a0-b1eb-4a63-b669-f7a6438c6902	chr16	64614673	74350360	2	2	0
cdcbf3a0-b1eb-4a63-b669-f7a6438c6902	chr16	74363160	75615328	5	3	2
cdcbf3a0-b1eb-4a63-b669-f7a6438c6902	chr16	75615377	85287521	2	2	0
cdcbf3a0-b1eb-4a63-b669-f7a6438c6902	chr16	85290292	85843796	5	5	0
cdcbf3a0-b1eb-4a63-b669-f7a6438c6902	chr16	85846553	88620040	2	2	0
cdcbf3a0-b1eb-4a63-b669-f7a6438c6902	chr16	88628968	89864225	5	3	2
cdcbf3a0-b1eb-4a63-b669-f7a6438c6902	chr16	89864630	90221127	2	2	0
cdcbf3a0-b1eb-4a63-b669-f7a6438c6902	chr17	150733	48065318	2	2	0
cdcbf3a0-b1eb-4a63-b669-f7a6438c6902	chr17	48067838	83090856	5	3	2
cdcbf3a0-b1eb-4a63-b669-f7a6438c6902	chr18	48133	80257174	2	2	0
cdcbf3a0-b1eb-4a63-b669-f7a6438c6902	chr19	90910	49379519	3	2	1
cdcbf3a0-b1eb-4a63-b669-f7a6438c6902	chr19	49379887	49983695	18	16	2
cdcbf3a0-b1eb-4a63-b669-f7a6438c6902	chr19	49983795	51598416	13	11	2
cdcbf3a0-b1eb-4a63-b669-f7a6438c6902	chr19	51604418	52418653	3	2	1
cdcbf3a0-b1eb-4a63-b669-f7a6438c6902	chr19	52421926	54697282	21	19	2
cdcbf3a0-b1eb-4a63-b669-f7a6438c6902	chr19	54701426	56488271	14	12	2
cdcbf3a0-b1eb-4a63-b669-f7a6438c6902	chr19	56488804	57886303	20	18	2
cdcbf3a0-b1eb-4a63-b669-f7a6438c6902	chr19	57887588	58586487	13	11	2
cdcbf3a0-b1eb-4a63-b669-f7a6438c6902	chr20	80664	24372558	2	1	1
cdcbf3a0-b1eb-4a63-b669-f7a6438c6902	chr20	24373169	64324800	4	3	1
cdcbf3a0-b1eb-4a63-b669-f7a6438c6902	chr21	10336543	46677045	4	2	2
cdcbf3a0-b1eb-4a63-b669-f7a6438c6902	chr22	15294545	50796027	2	1	1
cdcbf3a0-b1eb-4a63-b669-f7a6438c6902	chrX	251810	136285943	4	2	2
cdcbf3a0-b1eb-4a63-b669-f7a6438c6902	chrX	136293501	156004181	2	2	0
